9
Circle
402 86 40 -16777216 False 0 1144 654 
Circle
347 261 40 -16777216 False 0 1144 654 
Circle
597 152 40 -16777216 False 1 1144 654 
Circle
402 86 40 -16777216 False 0 1144 654 
Circle
221 200 40 -16777216 False 1 1144 654 
Circle
347 261 40 -16777216 False 0 1144 654 
Circle
759 80 40 -16777216 False 0 1144 654 
Circle
644 388 40 -16777216 False 1 1144 654 
Circle
759 80 40 -16777216 False 0 1144 654 
Circle
773 412 40 -16777216 False 1 1144 654 
Circle
597 152 40 -16777216 False 1 1144 654 
Circle
402 86 40 -16777216 False 0 1144 654 
Circle
414 334 40 -16777216 False 1 1144 654 
Circle
773 412 40 -16777216 False 1 1144 654 
Circle
597 152 40 -16777216 False 1 1144 654 
Circle
402 86 40 -16777216 False 0 1144 654 
Circle
469 196 40 -16777216 True 1 1144 654 
Circle
414 334 40 -16777216 False 1 1144 654 
Circle
773 412 40 -16777216 False 1 1144 654 
Circle
597 152 40 -16777216 False 1 1144 654 
Circle
402 86 40 -16777216 False 0 1144 654 
